3340.000000 
2812.000000 
2792.000000 
3100.000000 
3292.000000 
2816.000000 
3432.000000 
3144.000000 
6980.000000 
2708.000000 
2880.000000 
4040.000000 
4036.000000 
2940.000000 
2696.000000 
4112.000000 
3016.000000 
3300.000000 
2952.000000 
2848.000000 
3524.000000 
2636.000000 
2748.000000 
2904.000000 
2668.000000 
3048.000000 
3224.000000 
2768.000000 
3240.000000 
3700.000000 
2896.000000 
3276.000000 
2756.000000 
3152.000000 
2752.000000 
3128.000000 
2796.000000 
3336.000000 
2840.000000 
2864.000000 
2868.000000 
3380.000000 
3560.000000 
2904.000000 
3044.000000 
3552.000000 
2832.000000 
3048.000000 
2888.000000 
3132.000000 
2820.000000 
3092.000000 
2860.000000 
3304.000000 
2880.000000 
3168.000000 
2756.000000 
2936.000000 
3256.000000 
3268.000000 
2784.000000 
2780.000000 
2684.000000 
2804.000000 
2992.000000 
3092.000000 
2788.000000 
3064.000000 
2704.000000 
2596.000000 
2924.000000 
3160.000000 
2888.000000 
2948.000000 
2792.000000 
2728.000000 
3356.000000 
7292.000000 
2716.000000 
3560.000000 
2968.000000 
2716.000000 
2968.000000 
2776.000000 
2616.000000 
2840.000000 
2932.000000 
3064.000000 
4440.000000 
2844.000000 
3072.000000 
3656.000000 
3320.000000 
2684.000000 
2912.000000 
3060.000000 
2852.000000 
2784.000000 
3176.000000 
3108.000000 
2936.000000 
2696.000000 
2712.000000 
3156.000000 
3796.000000 
3052.000000 
4176.000000 
3252.000000 
2676.000000 
2792.000000 
2796.000000 
2760.000000 
3832.000000 
3276.000000 
3180.000000 
3056.000000 
2864.000000 
2776.000000 
2892.000000 
3588.000000 
2692.000000 
3300.000000 
2840.000000 
3184.000000 
3056.000000 
2968.000000 
2756.000000 
3812.000000 
3064.000000 
4292.000000 
3060.000000 
2900.000000 
2804.000000 
3400.000000 
3628.000000 
3136.000000 
3440.000000 
2796.000000 
2804.000000 
2772.000000 
3200.000000 
2884.000000 
4192.000000 
3736.000000 
3520.000000 
2712.000000 
2944.000000 
3800.000000 
2880.000000 
3056.000000 
2968.000000 
2880.000000 
4376.000000 
3060.000000 
3160.000000 
2828.000000 
2920.000000 
2680.000000 
2852.000000 
8188.000000 
3256.000000 
2816.000000 
2820.000000 
7028.000000 
2748.000000 
3040.000000 
2832.000000 
2796.000000 
3136.000000 
2768.000000 
2832.000000 
3928.000000 
2760.000000 
3500.000000 
2732.000000 
2788.000000 
2884.000000 
2848.000000 
2904.000000 
2828.000000 
2932.000000 
2716.000000 
2968.000000 
2828.000000 
2712.000000 
3684.000000 
2760.000000 
2812.000000 
2832.000000 
3228.000000 
3068.000000 
3048.000000 
3092.000000 
2716.000000 
2832.000000 
3508.000000 
3700.000000 
2724.000000 
3384.000000 
2860.000000 
3172.000000 
4300.000000 
3172.000000 
2860.000000 
2708.000000 
3108.000000 
3116.000000 
3060.000000 
3452.000000 
2872.000000 
2600.000000 
3156.000000 
2788.000000 
2748.000000 
2792.000000 
2832.000000 
3112.000000 
2784.000000 
4336.000000 
3052.000000 
2720.000000 
2712.000000 
3072.000000 
3496.000000 
3076.000000 
7880.000000 
3744.000000 
3324.000000 
4068.000000 
2760.000000 
2676.000000 
3360.000000 
3308.000000 
2816.000000 
2788.000000 
2656.000000 
3656.000000 
3612.000000 
2820.000000 
2696.000000 
2724.000000 
2860.000000 
3772.000000 
3548.000000 
2836.000000 
3420.000000 
2820.000000 
4004.000000 
2844.000000 
3184.000000 
2852.000000 
2756.000000 
2980.000000 
2784.000000 
7404.000000 
2912.000000 
3088.000000 
2900.000000 
2868.000000 
3064.000000 
2732.000000 
2816.000000 
3884.000000 
2780.000000 
2820.000000 
3060.000000 
2832.000000 
3436.000000 
2712.000000 
2912.000000 
2856.000000 
2980.000000 
4008.000000 
2896.000000 
3068.000000 
3740.000000 
2752.000000 
2712.000000 
6492.000000 
2864.000000 
2792.000000 
2744.000000 
2932.000000 
2860.000000 
3512.000000 
2792.000000 
2872.000000 
2824.000000 
2800.000000 
2840.000000 
3376.000000 
3368.000000 
4168.000000 
2900.000000 
2900.000000 
2756.000000 
3700.000000 
2716.000000 
3196.000000 
2824.000000 
3508.000000 
3120.000000 
2696.000000 
2808.000000 
3148.000000 
3012.000000 
2748.000000 
4064.000000 
2732.000000 
2924.000000 
2984.000000 
2772.000000 
2940.000000 
3004.000000 
2972.000000 
3608.000000 
2760.000000 
2940.000000 
7736.000000 
2748.000000 
2700.000000 
2784.000000 
2840.000000 
2928.000000 
2812.000000 
2772.000000 
3080.000000 
3452.000000 
3616.000000 
3064.000000 
3192.000000 
2876.000000 
2872.000000 
2864.000000 
2652.000000 
2716.000000 
3108.000000 
2832.000000 
2760.000000 
2900.000000 
3600.000000 
2860.000000 
2892.000000 
2816.000000 
3524.000000 
2744.000000 
7856.000000 
2932.000000 
3368.000000 
2824.000000 
3404.000000 
2852.000000 
3372.000000 
4360.000000 
3704.000000 
3532.000000 
2940.000000 
2920.000000 
2804.000000 
2560.000000 
3368.000000 
3148.000000 
3180.000000 
2812.000000 
2892.000000 
3812.000000 
2964.000000 
3696.000000 
2916.000000 
3440.000000 
3916.000000 
3016.000000 
3532.000000 
2748.000000 
9100.000000 
3668.000000 
3356.000000 
2748.000000 
2860.000000 
3128.000000 
3056.000000 
2832.000000 
3348.000000 
2656.000000 
3108.000000 
3352.000000 
3240.000000 
4064.000000 
2872.000000 
3360.000000 
2752.000000 
3480.000000 
3232.000000 
2796.000000 
3708.000000 
2808.000000 
2840.000000 
2736.000000 
3896.000000 
2656.000000 
2988.000000 
2808.000000 
2904.000000 
2896.000000 
2796.000000 
2780.000000 
3036.000000 
2732.000000 
3308.000000 
3480.000000 
2824.000000 
2736.000000 
4632.000000 
3280.000000 
3060.000000 
7428.000000 
3064.000000 
2680.000000 
3204.000000 
3112.000000 
3156.000000 
2692.000000 
2872.000000 
4228.000000 
2664.000000 
2976.000000 
2844.000000 
3192.000000 
2804.000000 
3416.000000 
3340.000000 
2792.000000 
3192.000000 
3528.000000 
3520.000000 
4552.000000 
2856.000000 
3096.000000 
3832.000000 
3520.000000 
2696.000000 
2800.000000 
3016.000000 
4604.000000 
3396.000000 
2932.000000 
3144.000000 
2564.000000 
3732.000000 
4164.000000 
4456.000000 
2856.000000 
3952.000000 
3708.000000 
3072.000000 
3584.000000 
2748.000000 
2692.000000 
3992.000000 
3000.000000 
2864.000000 
2856.000000 
2908.000000 
2724.000000 
3172.000000 
2908.000000 
2928.000000 
2812.000000 
2792.000000 
2888.000000 
2708.000000 
3228.000000 
3120.000000 
3096.000000 
3060.000000 
2944.000000 
3008.000000 
2788.000000 
2764.000000 
3160.000000 
4360.000000 
2896.000000 
3340.000000 
2736.000000 
3112.000000 
3220.000000 
3528.000000 
2928.000000 
2816.000000 
2812.000000 
2768.000000 
3036.000000 
2792.000000 
2816.000000 
2792.000000 
2748.000000 
3052.000000 
3396.000000 
2948.000000 
3368.000000 
2700.000000 
2856.000000 
2920.000000 
2888.000000 
2932.000000 
2700.000000 
2912.000000 
6152.000000 
2864.000000 
3724.000000 
2748.000000 
2880.000000 
3408.000000 
2672.000000 
3892.000000 
2940.000000 
3080.000000 
2712.000000 
2972.000000 
3880.000000 
3348.000000 
2856.000000 
2860.000000 
4252.000000 
3488.000000 
2776.000000 
4540.000000 
3772.000000 
3140.000000 
2776.000000 
3096.000000 
3044.000000 
3324.000000 
3072.000000 
2852.000000 
3196.000000 
2772.000000 
2828.000000 
2852.000000 
3044.000000 
2992.000000 
2704.000000 
3696.000000 
2756.000000 
2876.000000 
2748.000000 
2884.000000 
2816.000000 
3256.000000 
3072.000000 
3588.000000 
2892.000000 
2824.000000 
2680.000000 
3036.000000 
2852.000000 
2776.000000 
2808.000000 
3204.000000 
3540.000000 
3552.000000 
2704.000000 
2756.000000 
2912.000000 
3076.000000 
2864.000000 
2912.000000 
3232.000000 
2832.000000 
2888.000000 
2868.000000 
3052.000000 
2728.000000 
2888.000000 
2764.000000 
2756.000000 
2928.000000 
2728.000000 
2632.000000 
3028.000000 
2748.000000 
3408.000000 
3024.000000 
3048.000000 
3144.000000 
2792.000000 
2848.000000 
4004.000000 
2960.000000 
3268.000000 
3624.000000 
3056.000000 
2952.000000 
2800.000000 
3136.000000 
7396.000000 
2740.000000 
3420.000000 
2928.000000 
3668.000000 
2900.000000 
3276.000000 
3068.000000 
2772.000000 
3460.000000 
2788.000000 
2832.000000 
2672.000000 
3660.000000 
3292.000000 
2980.000000 
3096.000000 
2928.000000 
2716.000000 
3056.000000 
3404.000000 
2896.000000 
3500.000000 
3204.000000 
2752.000000 
3400.000000 
2708.000000 
3300.000000 
3656.000000 
3652.000000 
3548.000000 
3164.000000 
2980.000000 
3168.000000 
2740.000000 
2984.000000 
6988.000000 
3284.000000 
2844.000000 
3732.000000 
3296.000000 
4288.000000 
2688.000000 
4876.000000 
3208.000000 
3256.000000 
7800.000000 
3164.000000 
2784.000000 
2924.000000 
3496.000000 
3184.000000 
3124.000000 
3928.000000 
2876.000000 
2836.000000 
2832.000000 
2972.000000 
72592.000000 
2840.000000 
2800.000000 
2804.000000 
2892.000000 
2824.000000 
3364.000000 
2856.000000 
3060.000000 
2812.000000 
4020.000000 
2832.000000 
3096.000000 
2928.000000 
3004.000000 
2964.000000 
3340.000000 
2764.000000 
2672.000000 
7804.000000 
3572.000000 
3808.000000 
3908.000000 
2772.000000 
2908.000000 
3120.000000 
2664.000000 
2756.000000 
3224.000000 
3252.000000 
2884.000000 
4712.000000 
3088.000000 
3040.000000 
3348.000000 
2808.000000 
3808.000000 
2840.000000 
3140.000000 
2696.000000 
3016.000000 
2708.000000 
2820.000000 
3012.000000 
3200.000000 
3368.000000 
3080.000000 
3320.000000 
2828.000000 
3756.000000 
3496.000000 
2808.000000 
3776.000000 
2852.000000 
3892.000000 
2864.000000 
2940.000000 
2736.000000 
3940.000000 
2784.000000 
3120.000000 
3056.000000 
2940.000000 
2980.000000 
2812.000000 
2828.000000 
2820.000000 
3064.000000 
2724.000000 
2840.000000 
2828.000000 
3140.000000 
2876.000000 
2920.000000 
2652.000000 
2788.000000 
2888.000000 
3580.000000 
2848.000000 
3060.000000 
3024.000000 
2716.000000 
2788.000000 
3512.000000 
3036.000000 
2896.000000 
2876.000000 
2804.000000 
2760.000000 
2736.000000 
2828.000000 
2900.000000 
3148.000000 
2940.000000 
6976.000000 
2744.000000 
3140.000000 
8352.000000 
2672.000000 
3128.000000 
3024.000000 
2676.000000 
3128.000000 
2788.000000 
2756.000000 
2800.000000 
3620.000000 
3200.000000 
3092.000000 
2824.000000 
2828.000000 
2844.000000 
3572.000000 
2712.000000 
2972.000000 
2836.000000 
2952.000000 
2844.000000 
2840.000000 
2932.000000 
2584.000000 
3092.000000 
3352.000000 
2972.000000 
2760.000000 
2884.000000 
2876.000000 
3152.000000 
3560.000000 
2928.000000 
3040.000000 
4224.000000 
3620.000000 
3272.000000 
3492.000000 
3904.000000 
2888.000000 
3148.000000 
2844.000000 
2916.000000 
2876.000000 
2916.000000 
2660.000000 
3196.000000 
2776.000000 
2848.000000 
3260.000000 
3372.000000 
3428.000000 
2668.000000 
2736.000000 
2664.000000 
3356.000000 
2748.000000 
2828.000000 
2688.000000 
2848.000000 
2872.000000 
2928.000000 
3700.000000 
3064.000000 
2868.000000 
2888.000000 
3144.000000 
5292.000000 
3468.000000 
2836.000000 
3052.000000 
3004.000000 
2788.000000 
2800.000000 
3336.000000 
3168.000000 
2864.000000 
3272.000000 
2768.000000 
3568.000000 
2936.000000 
2876.000000 
2988.000000 
2820.000000 
2788.000000 
3000.000000 
2820.000000 
3216.000000 
2672.000000 
3428.000000 
2772.000000 
3140.000000 
4108.000000 
2768.000000 
2752.000000 
2856.000000 
7516.000000 
2696.000000 
2940.000000 
2928.000000 
2980.000000 
2924.000000 
2724.000000 
4664.000000 
2684.000000 
2936.000000 
6748.000000 
3440.000000 
3276.000000 
2864.000000 
2972.000000 
2792.000000 
2980.000000 
2992.000000 
2776.000000 
2736.000000 
3744.000000 
3012.000000 
4488.000000 
2756.000000 
2860.000000 
3004.000000 
2868.000000 
3008.000000 
2848.000000 
3052.000000 
2792.000000 
3992.000000 
2776.000000 
2804.000000 
2824.000000 
4196.000000 
3428.000000 
3816.000000 
3260.000000 
2772.000000 
2888.000000 
2804.000000 
2736.000000 
3024.000000 
2720.000000 
2760.000000 
2864.000000 
2840.000000 
3936.000000 
2936.000000 
3004.000000 
2980.000000 
3364.000000 
3912.000000 
2824.000000 
3292.000000 
2988.000000 
3892.000000 
2812.000000 
2976.000000 
3096.000000 
2796.000000 
2956.000000 
3148.000000 
2872.000000 
3244.000000 
2836.000000 
2792.000000 
3236.000000 
3364.000000 
2704.000000 
2700.000000 
3000.000000 
2788.000000 
3272.000000 
2748.000000 
2928.000000 
2656.000000 
3172.000000 
3576.000000 
2788.000000 
2808.000000 
3792.000000 
2760.000000 
2736.000000 
3184.000000 
3232.000000 
3264.000000 
2776.000000 
2700.000000 
2824.000000 
3272.000000 
2844.000000 
3156.000000 
3460.000000 
3160.000000 
3268.000000 
3124.000000 
2800.000000 
2976.000000 
4184.000000 
3084.000000 
2888.000000 
3412.000000 
4472.000000 
2720.000000 
4500.000000 
3320.000000 
3104.000000 
2956.000000 
2832.000000 
2744.000000 
3020.000000 
3284.000000 
2948.000000 
3316.000000 
3296.000000 
3160.000000 
2748.000000 
2696.000000 
2772.000000 
3652.000000 
3004.000000 
2972.000000 
3084.000000 
3484.000000 
2800.000000 
3664.000000 
3624.000000 
2836.000000 
2844.000000 
2772.000000 
2832.000000 
2780.000000 
3120.000000 
3796.000000 
2916.000000 
7648.000000 
3312.000000 
2984.000000 
2800.000000 
2980.000000 
2824.000000 
2728.000000 
3020.000000 
3028.000000 
3000.000000 
2844.000000 
2740.000000 
2796.000000 
2924.000000 
3548.000000 
3008.000000 
2936.000000 
